0 123.0 64.7 600.5
1 109.3 65.1 599.3
2 96.5 65.6 598.2
3 77.7 66.9 594.3
4 67.8 67.4 595.4
5 52.1 68.6 594.6
6 40.4 37.8 572.3
7 40.3 33.2 567.7
8 40.1 28.3 568.5
9 40.2 26.6 566.0
10 38.3 25.3 565.5
11 36.7 25.6 562.5
12 35.0 25.2 563.8
13 34.5 25.0 564.8
14 31.9 26.7 567.4
15 31.9 28.4 568.4
16 32.0 30.6 569.4
17 31.7 33.2 571.3
18 27.3 33.1 570.6
19 24.1 32.6 572.4
20 24.6 32.5 571.0
21 19.5 32.3 572.7
22 16.0 32.3 572.3
23 12.5 32.8 569.9
24 10.4 32.9 570.8
25 8.1 33.1 569.8
26 5.1 32.2 569.0
27 1.5 31.9 570.2
28 -2.9 31.8 570.3
29 -6.9 32.0 569.6
30 -10.8 31.5 571.1
31 -14.3 31.6 570.3
32 -18.7 31.7 569.2
33 -22.5 31.7 569.8
34 -26.9 31.6 570.6
35 -30.5 31.6 570.8
36 -34.5 31.7 569.2
37 -38.1 31.8 571.0
38 -41.3 32.4 568.7
39 -43.8 32.5 568.9
40 -45.7 32.8 568.8
41 -47.7 30.3 564.5
42 -47.3 27.5 563.1
43 -49.9 25.8 562.9
44 -52.5 25.9 563.6
45 -55.5 26.3 562.4
46 -57.7 26.4 563.0
47 -60.3 27.2 566.1
48 -62.3 29.1 567.2
49 -63.6 30.5 567.5
50 -65.1 31.9 567.2
51 -66.7 33.4 569.3
52 -68.1 34.8 568.8
53 -69.2 36.6 571.3
54 -71.0 37.4 569.1
55 -72.7 34.3 567.8
56 -74.4 33.3 567.3
57 -76.5 31.0 565.9
58 -79.5 28.8 564.6
59 -81.1 27.1 564.4
60 -83.3 26.6 562.0
61 -85.9 26.3 564.0
62 -87.7 26.7 562.4
63 -89.9 30.8 563.4
64 -89.7 32.6 562.8
65 -90.7 35.9 569.0
66 -89.9 39.6 568.4
67 -89.8 41.5 569.1
68 -90.4 43.5 572.9
69 -89.8 46.5 571.3
70 -89.9 48.1 574.1
71 -90.4 48.1 571.4
72 -92.6 48.0 571.1
73 -96.6 48.0 573.5
74 -101.0 48.2 572.8
75 -105.7 48.5 572.9
76 -107.5 48.6 572.3
77 -109.5 51.1 572.6
78 -109.7 53.4 573.9
79 -109.0 56.9 574.8
80 -109.8 61.3 578.1
81 -109.3 65.9 580.0
82 -107.5 75.1 582.7
83 -115.4 75.7 583.1
84 -127.6 76.0 581.0
85 -141.6 76.1 582.4
86 -151.3 77.1 575.9
87 -164.0 77.0 578.6
88 -173.4 76.3 581.0
89 -183.5 76.3 581.0
90 -195.9 75.2 580.9
91 -205.4 75.4 581.2
